6 8 9 10 12 13 12
76 77 80 82 84 86 88 88
84 86 88 90 93 97
21 24 26 29 30 33 36 42
23 24 25 26 24 25 27
10 13 13 15 16
76 78 79 81 83 87 88 91
12 15 16 22 25
88 86 88 89 90 93 95
35 35 37 39 42 43 45
5 9 11 12 13 16 18 21
9 14 17 18 19 21
65 64 63 61 64
72 70 69 66 63 63
98 95 94 93 89
37 36 34 31 28 25 22 17
61 60 57 55 58 56 55 54
33 31 28 28 27 24
75 73 70 67 66 62 61
47 45 43 40 33 31
47 50 47 46 44 41 38 37
72 72 70 68 67 65
45 41 38 37 36 34 32
67 60 57 55 52
8 10 13 14 17 16
18 21 23 24 25 26 28 28
24 27 28 29 33
29 32 35 38 43
55 58 59 58 61
1 3 6 6 7 8 10
36 37 38 40 43 46 50 53
70 73 78 79 82 84
17 16 18 19 22 23
85 85 86 88 89 91
25 29 32 34 36 37 39 41
2 8 10 11 13 16 17 20
88 87 84 82 85
28 25 22 19 16 16
92 91 89 87 83
59 56 54 53 48
85 84 83 84 83 82
19 18 15 13 12 12 9
35 34 32 28 25
82 80 78 71 68 65
32 33 31 28 27 24 22 19
4 7 9 7 9
57 57 56 53 51
46 42 41 38 36 35 33
75 69 66 63 61 58 57
